寻观「标准库」之书。
寻观「编码转换」之「索引查询」之书。

「单字节索引一一格」乃「引用类」于（「或可有」于「混合数组引用类」）也。
「单字节索引一一格」者「新引用」授以（「或可有」于「混合数组引用类」）于（「可无」授以「混合数组引用类」）也。

「单字节索引一一」乃化「有」而「混合数组引用类」也。
「单字节索引一一」者会「无」而
  「首次解索引」
    于「单字节索引一一格」
    于
    『0,128,1,129,2,130,3,131,4,132,5,133,6,134,7,135,8,136,9,137,10,138,11,139,12,140,13,141,14,142,15,143,16,144,17,145,18,146,19,147,20,148,21,149,22,150,23,151,24,152,25,153,26,154,27,155,28,156,29,157,30,158,31,159,32,160,33,7682,34,7683,35,163,36,266,37,267,38,7690,39,167,40,7808,41,169,42,7810,43,7691,44,7922,45,173,46,174,47,376,48,7710,49,7711,50,288,51,289,52,7744,53,7745,54,182,55,7766,56,7809,57,7767,58,7811,59,7776,60,7923,61,7812,62,7813,63,7777,64,192,65,193,66,194,67,195,68,196,69,197,70,198,71,199,72,200,73,201,74,202,75,203,76,204,77,205,78,206,79,207,80,372,81,209,82,210,83,211,84,212,85,213,86,214,87,7786,88,216,89,217,90,218,91,219,92,220,93,221,94,374,95,223,96,224,97,225,98,226,99,227,100,228,101,229,102,230,103,231,104,232,105,233,106,234,107,235,108,236,109,237,110,238,111,239,112,373,113,241,114,242,115,243,116,244,117,245,118,246,119,7787,120,248,121,249,122,250,123,251,124,252,125,253,126,375,127,255』
也。
