寻观「标准库」之书。
寻观「编码转换」之「索引查询」之书。

「单字节索引九格」乃「引用类」于（「或可有」于「混合数组引用类」）也。
「单字节索引九格」者「新引用」授以（「或可有」于「混合数组引用类」）于（「可无」授以「混合数组引用类」）也。

「单字节索引九」乃化「有」而「混合数组引用类」也。
「单字节索引九」者会「无」而
  「首次解索引」
    于「单字节索引九格」
    于
    『0,128,1,129,2,130,3,131,4,132,5,133,6,134,7,135,8,136,9,137,10,138,11,139,12,140,13,141,14,142,15,143,16,144,17,145,18,146,19,147,20,148,21,149,22,150,23,151,24,152,25,153,26,154,27,155,28,156,29,157,30,158,31,159,32,160,33,260,34,274,35,290,36,298,37,296,38,310,39,167,40,315,41,272,42,352,43,358,44,381,45,173,46,362,47,330,48,176,49,261,50,275,51,291,52,299,53,297,54,311,55,183,56,316,57,273,58,353,59,359,60,382,61,8213,62,363,63,331,64,256,65,193,66,194,67,195,68,196,69,197,70,198,71,302,72,268,73,201,74,280,75,203,76,278,77,205,78,206,79,207,80,208,81,325,82,332,83,211,84,212,85,213,86,214,87,360,88,216,89,370,90,218,91,219,92,220,93,221,94,222,95,223,96,257,97,225,98,226,99,227,100,228,101,229,102,230,103,303,104,269,105,233,106,281,107,235,108,279,109,237,110,238,111,239,112,240,113,326,114,333,115,243,116,244,117,245,118,246,119,361,120,248,121,371,122,250,123,251,124,252,125,253,126,254,127,312』
也。
