寻观「标准库」之书。
寻观「编码转换」之「索引查询」之书。

「单字节索引一零格」乃「引用类」于（「或可有」于「混合数组引用类」）也。
「单字节索引一零格」者「新引用」授以（「或可有」于「混合数组引用类」）于（「可无」授以「混合数组引用类」）也。

「单字节索引一零」乃化「有」而「混合数组引用类」也。
「单字节索引一零」者会「无」而
  「首次解索引」
    于「单字节索引一零格」
    于
    『0,128,1,129,2,130,3,131,4,132,5,133,6,134,7,135,8,136,9,137,10,138,11,139,12,140,13,141,14,142,15,143,16,144,17,145,18,146,19,147,20,148,21,149,22,150,23,151,24,152,25,153,26,154,27,155,28,156,29,157,30,158,31,159,32,160,33,8221,34,162,35,163,36,164,37,8222,38,166,39,167,40,216,41,169,42,342,43,171,44,172,45,173,46,174,47,198,48,176,49,177,50,178,51,179,52,8220,53,181,54,182,55,183,56,248,57,185,58,343,59,187,60,188,61,189,62,190,63,230,64,260,65,302,66,256,67,262,68,196,69,197,70,280,71,274,72,268,73,201,74,377,75,278,76,290,77,310,78,298,79,315,80,352,81,323,82,325,83,211,84,332,85,213,86,214,87,215,88,370,89,321,90,346,91,362,92,220,93,379,94,381,95,223,96,261,97,303,98,257,99,263,100,228,101,229,102,281,103,275,104,269,105,233,106,378,107,279,108,291,109,311,110,299,111,316,112,353,113,324,114,326,115,243,116,333,117,245,118,246,119,247,120,371,121,322,122,347,123,363,124,252,125,380,126,382,127,8217』
也。
