寻观「标准库」之书。
寻观「编码转换」之「索引查询」之书。

「单字节索引六格」乃「引用类」于（「或可有」于「混合数组引用类」）也。
「单字节索引六格」者「新引用」授以（「或可有」于「混合数组引用类」）于（「可无」授以「混合数组引用类」）也。

「单字节索引六」乃化「有」而「混合数组引用类」也。
「单字节索引六」者会「无」而
  「首次解索引」
    于「单字节索引六格」
    于
    『0,128,1,129,2,130,3,131,4,132,5,133,6,134,7,135,8,136,9,137,10,138,11,139,12,140,13,141,14,142,15,143,16,144,17,145,18,146,19,147,20,148,21,149,22,150,23,151,24,152,25,153,26,154,27,155,28,156,29,157,30,158,31,159,32,160,36,164,44,1548,45,173,59,1563,63,1567,65,1569,66,1570,67,1571,68,1572,69,1573,70,1574,71,1575,72,1576,73,1577,74,1578,75,1579,76,1580,77,1581,78,1582,79,1583,80,1584,81,1585,82,1586,83,1587,84,1588,85,1589,86,1590,87,1591,88,1592,89,1593,90,1594,96,1600,97,1601,98,1602,99,1603,100,1604,101,1605,102,1606,103,1607,104,1608,105,1609,106,1610,107,1611,108,1612,109,1613,110,1614,111,1615,112,1616,113,1617,114,1618』
也。
