1
-1
1
0
8
14
6
255
-1
-6
8
-9223372036854775808
1
2
-9223372036854775808
-4
-1
15
1
-9223372036854775808
1
64
63
0
64
3
64
8
阳
阴
阴
阳
阴
阳
9223372036854775807
5
阴
阳
阳
阴
阳
阴
阴
阳
阴
阴
阳
-4610560118520545280
4609434218613702656
-9223372036854775808
0
阳
阳
-4613937818241073152
4612811918334230528
-4613937818241073152
4611686018427387904
-4616189618054758400
-4611686018427387904
-4616189618054758400
0
4611686018427387904
4611686018427387904
-9223372036854775808
4609047870845172685
9218868437227405312
阳
-1
9223372036854775807
-9223372036854775808
0
9223372036854775807
4895412794951729152
4613937818241073152
4607182418800017408
4607182418800017408
4611686018427387904
2
2
2
