3：[97][98][99]
1：[195 169]
2：[228 184 173][230 150 135]
1：[240 159 152 128]
4：[97][228 184 173][240 159 152 128][195 169]
0：
4：[128][97][98][99]
2：[97 128][98]
1：[228 184 173 128]
1：[228 184]
2：[228 184][97]
1：[240 159 152]
2：[195][228 184 173]
1：[248 128 128]
1：[255]
1：[192 128]
1：[245 128 128 128]
1：[128 128]
1：[228 128 128 128 128 128]
3：[0][97][0]
1：[127 128]
2：[97][195]
2：[226 130 172][226 130]
1：[240 159 152 128 128]
3：[195 169][195 169][195 169]
1：[224 128]
1：[240 128 128]
2：[240][97 128 128 128]
127 往返相同
